21 0.0
36 3.6
51 4.2
66 7.8
87 9.6
107 34.4
123 34.4
143 48.8
164 48.8
184 84.8
205 84.8
225 118.8
246 118.8
266 146.8
287 146.8
307 168.0
323 168.0
343 176.0
359 176.0
379 273.6
400 273.6
420 341.4
440 341.4
461 408.4
481 408.4
501 474.6
522 474.6
542 539.2
563 539.2
583 599.0
604 599.0
624 654.8
645 654.8
665 707.4
686 707.4
706 756.0
726 756.0
746 803.8
767 803.8
788 857.4
808 857.4
828 904.4
849 904.4
869 945.2
890 945.2
910 981.2
930 981.2
950 1028.0
971 1028.0
991 1028.0
1006 1028.0
1026 1157.0
1042 1157.0
1062 1526.0
1078 1526.0
1098 2038.0
1114 2038.0
1134 2319.0
1150 2319.0
1170 2836.0
1191 2836.0
1211 3147.0
1247 3147.0
1282 3533.0
1317 3533.0
1352 4099.0
1388 4099.0
1423 4588.0
1459 4588.0
1494 4970.0
1529 4970.0
1564 5431.0
1600 5431.0
1635 5746.0
1671 5746.0
1706 6220.0
1736 6220.0
1771 7664.0
1802 7664.0
1837 8875.0
1868 8875.0
1903 11642.0
1935 11642.0
1970 11782.0
2005 11782.0
2041 12666.0
2076 12666.0
2111 13394.0
2147 13394.0
2182 14223.0
2214 14223.0
2249 17374.0
2285 17374.0
2320 18978.0
2356 18978.0
2391 20498.0
2426 20498.0
2461 21814.0
2497 21814.0
2532 23016.0
2568 23016.0
2603 23935.0
2638 23935.0
2673 24904.0
2709 24904.0
2744 25592.0
2780 25592.0
2815 26272.0
2851 26272.0
2886 26720.0
2921 26720.0
2956 27476.0
2992 27476.0
3027 27973.0
3062 27973.0
3097 28308.0
3133 28308.0
3168 28991.0
3204 28991.0
3239 29360.0
3274 29360.0
3309 29608.0
3345 29608.0
3380 30195.0
3415 30195.0
3450 30436.0
3486 30436.0
3521 30580.0
3556 30580.0
3591 30636.0
3626 30636.0
3662 30673.0
3697 30673.0
3732 30673.0
3760 30673.0